2
4
5
6
7
8
9
10
11
12
13
14
20
24
25
28
31
32
33
34
35
36
37
40
41
42
44
45
46
47
48
49
50
51
52
53
54
55
56
58
59
60
62
63
64
66
67
68
69
74
75
76
77
78
79
80
82
83
85
86
89
90
91
92
93
95
96
97
98
99
101
104
105
107
108
111
112
113
114
115
116
117
118
119
120
121
124
126
127
129
130
131
132
133
134
135
136
138
139
141
142
144
145
146
148
150
151
152
153
154
155
156
157
160
163
164
165
166
171
172
173
174
176
177
178
179
180
181
182
183
187